0.15000000000000002               4.0740287505549796E-4
0.10000000000000002               1.808327884317562E-4
0.07500000000000001               1.0167243027221079E-4
0.06000000000000001               6.505675672608888E-5
0.05000000000000001               4.51731793286031E-5
0.042857142857142864               3.3186189846486774E-5
0.037500000000000006               2.540704982486111E-5
0.03333333333333334               2.007409581064254E-5
0.030000000000000006               1.62596641188964E-5
0.02727272727272728               1.343752281635427E-5
0.025000000000000005               1.1291113710207995E-5
0.02307692307692308               9.620739038519732E-6
0.021428571428571432               8.295370510197353E-6
0.020000000000000004               7.226145387596861E-6
0.018750000000000003               6.351072681036463E-6
0.017647058823529415               5.6258404450282296E-6
0.01666666666666667               5.018093386391365E-6
0.01578947368421053               4.503760379404725E-6
0.015000000000000003               4.064633547233576E-6
0.014285714285714287               3.68673452170315E-6
0.01363636363636364               3.3591877823292704E-6
0.013043478260869568               3.073429559057733E-6
0.012500000000000002               2.8226422204638557E-6
0.012000000000000002               2.601343794098737E-6
0.01153846153846154               2.4050858795053587E-6
0.011111111111111113               2.2302282942851526E-6
0.010714285714285716               2.073769129362635E-6
0.010344827586206898               1.933214828556823E-6
0.010000000000000002               1.8064805713743914E-6
0.009677419354838712               1.69181210947153E-6
0.009375000000000001               1.587725098443904E-6
0.009090909090909092               1.4929564648331894E-6
0.008823529411764707               1.4064262638842362E-6
0.008571428571428572               1.3272065815805867E-6
0.008333333333333335               1.2544964539812353E-6
0.008108108108108109               1.1876017395259786E-6
0.007894736842105265               1.125918440061241E-6
0.007692307692307694               1.068918922642742E-6
0.0075000000000000015               1.0161407431874547E-6
0.007317073170731709               9.671771027085219E-7
0.0071428571428571435               9.216690812254014E-7
0.006976744186046512               8.792990367767484E-7
0.00681818181818182               8.397848787269901E-7
0.006666666666666668               8.028756521248626E-7
0.006521739130434784               7.683472870480268E-7
0.006382978723404256               7.359993482898564E-7
0.006250000000000001               7.056520287332391E-7
0.006122448979591837               6.771436826154276E-7
0.006000000000000001               6.503286816700315E-7
0.005882352941176471               6.250755296803578E-7
0.00576923076923077               6.012652975923016E-7
0.0056603773584905665               5.787899865529467E-7
0.005555555555555557               5.575517411787745E-7
0.005454545454545455               5.374614380562748E-7
0.005357142857142858               5.18437633940938E-7
0.005263157894736843               5.004064260148711E-7
0.005172413793103449               4.832997129444738E-7
0.005084745762711865               4.670555148814093E-7
0.005000000000000001               4.5161665734178014E-7
0.004918032786885246               4.369309347489192E-7
0.004838709677419356               4.229499751193244E-7
0.004761904761904762               4.09629540742279E-7
0.004687500000000001               3.9692864334597844E-7
0.004615384615384616               3.848093328602531E-7
0.004545454545454546               3.7323673485883946E-7
0.004477611940298508               3.62178482624792E-7
0.004411764705882354               3.5160443518159057E-7
0.004347826086956523               3.4148686327978295E-7
0.004285714285714286               3.317997499148462E-7
0.004225352112676057               3.22519069066024E-7
0.0041666666666666675               3.1362236192419846E-7
0.004109589041095891               3.0508890757133256E-7
0.004054054054054054               2.9689890829187604E-7
0.004000000000000001               2.890344089866159E-7
0.003947368421052633               2.8147820806817547E-7
0.0038961038961038965               2.742144839633365E-7
0.003846153846153847               2.672285189207757E-7
0.0037974683544303805               2.605060305214957E-7
0.0037500000000000007               2.5403413478342074E-7
0.0037037037037037043               2.4780026316312265E-7
0.0036585365853658543               2.4179320011474825E-7
0.0036144578313253017               2.3600196757608827E-7
0.0035714285714285718               2.3041637227730338E-7
0.003529411764705883               2.2502669466337166E-7
0.003488372093023256               2.198238726706936E-7
0.003448275862068966               2.1479959095085932E-7
0.00340909090909091               2.0994545076730153E-7
0.003370786516853933               2.0525401392759712E-7
0.003333333333333334               2.0071825011444555E-7
0.003296703296703297               1.9633112913891582E-7
0.003260869565217392               1.920862427590153E-7
0.0032258064516129037               1.8797750446150618E-7
0.003191489361702128               1.839993359967207E-7
0.0031578947368421056               1.801459320847909E-7
0.0031250000000000006               1.764124644594578E-7
0.0030927835051546395               1.7279385969987127E-7
0.0030612244897959186               1.6928544463792883E-7
0.0030303030303030307               1.6588280571730452E-7
